0 0 11 9.98977829e-01 -4.52041087e-02 -1.74531193e-04 8.33304545e+00 4.52044499e-02 9.98969700e-01 4.01740701e-03 2.60489213e-01 -7.25812172e-06 -4.02118885e-03 9.99991844e-01 6.48254112e-02
0 12 23 9.99865450e-01 -1.62518369e-02 -2.21841855e-03 9.66899312e+00 1.62572884e-02 9.99864855e-01 2.46363115e-03 1.34975505e-01 2.17808810e-03 -2.49937079e-03 9.99994564e-01 7.45598457e-02
0 24 34 9.99924923e-01 8.12891270e-03 9.16227438e-03 9.50127886e+00 -8.08986989e-03 9.99958091e-01 -4.28968342e-03 -6.36727448e-03 -9.19675921e-03 4.21524302e-03 9.99948773e-01 2.55330521e-04
0 35 44 9.99942140e-01 -1.01434151e-02 3.57924456e-03 8.98703275e+00 1.01619731e-02 9.99934867e-01 -5.20774028e-03 7.66154272e-02 -3.52618858e-03 5.24381600e-03 9.99979958e-01 1.17287714e-01
0 45 55 9.99971196e-01 -4.77569741e-03 -5.90938262e-03 9.88234044e+00 4.79791103e-03 9.99981437e-01 3.75132762e-03 6.37089103e-02 5.89135620e-03 -3.77957593e-03 9.99975503e-01 1.38738374e-01
0 56 66 9.99963957e-01 -7.43763652e-03 -4.11841430e-03 9.49835889e+00 7.41865975e-03 9.99961844e-01 -4.60363550e-03 4.89264979e-02 4.15248816e-03 4.57291687e-03 9.99980990e-01 9.97169766e-02
0 67 79 9.99866076e-01 -1.55461522e-02 5.10624209e-03 9.85601178e+00 1.54568975e-02 9.99734738e-01 1.70772293e-02 1.49122642e-01 -5.37037346e-03 -1.69960205e-02 9.99841132e-01 7.85438638e-02
0 80 97 9.89535629e-01 1.43803853e-01 1.18165096e-02 9.55305891e+00 -1.43731541e-01 9.89593667e-01 -6.75841307e-03 -2.69057005e-01 -1.26654292e-02 4.98927865e-03 9.99907305e-01 1.22870294e-01
0 98 125 2.46635868e-01 9.68888893e-01 -2.06198800e-02 6.83139977e+00 -9.69059392e-01 2.46780965e-01 4.77690864e-03 -6.87565706e+00 9.71689509e-03 1.88037450e-02 9.99775940e-01 1.01907487e-01
0 126 143 9.92735832e-01 1.20068606e-01 7.68183555e-03 9.64030085e+00 -1.19858135e-01 9.92509156e-01 -2.36559566e-02 -9.76709422e-01 -1.04646261e-02 2.25633878e-02 9.99690574e-01 -4.42189696e-02
0 144 156 9.99559536e-01 -2.96457669e-02 -1.38861141e-03 9.61033782e+00 2.96645295e-02 9.99425919e-01 1.63640651e-02 2.84695358e-01 9.02688061e-04 -1.63980504e-02 9.99865195e-01 4.19358767e-02
0 157 169 9.97795473e-01 6.59668406e-02 7.25303642e-03 9.75631563e+00 -6.60889703e-02 9.97648922e-01 1.81345776e-02 -1.39712925e-01 -6.03969320e-03 -1.85739548e-02 9.99809237e-01 8.87192210e-02
0 170 183 9.94748217e-01 1.02258787e-01 4.38699015e-03 9.69248335e+00 -1.02196887e-01 9.94684980e-01 -1.25506558e-02 -6.15830721e-01 -5.64709338e-03 1.20364113e-02 9.99911561e-01 1.44408350e-01
0 184 202 8.72711592e-01 -4.88234980e-01 -1.05453756e-03 9.57343554e+00 4.88213915e-01 8.72649517e-01 1.14068194e-02 1.76699409e+00 -4.64898141e-03 -1.04697114e-02 9.99934328e-01 1.75001155e-01
0 203 224 6.22940688e-01 -7.82074049e-01 -1.74705544e-02 7.71472767e+00 7.82236192e-01 6.22554872e-01 2.30614602e-02 6.15123178e+00 -7.15939069e-03 -2.80320294e-02 9.99581417e-01 2.69647902e-02
0 225 240 9.99678795e-01 2.44444801e-02 6.69862145e-03 9.78754762e+00 -2.43637722e-02 9.99632599e-01 -1.18722408e-02 -2.21095103e-01 -6.98637007e-03 1.17052258e-02 9.99907114e-01 4.12431611e-02
0 241 253 9.99784123e-01 -1.92974023e-02 -7.70368182e-03 9.66417368e+00 1.93543933e-02 9.99785372e-01 7.39873761e-03 2.27903491e-01 7.55926273e-03 -7.54623708e-03 9.99942914e-01 1.18487446e-01
0 254 265 9.99840521e-01 1.61190159e-02 -7.68557380e-03 9.41668826e+00 -1.61913966e-02 9.99824148e-01 -9.46255415e-03 -5.11025638e-02 7.53170357e-03 9.58549163e-03 9.99925651e-01 6.06331587e-02
0 266 278 9.99593064e-01 -2.54867204e-02 1.28106174e-02 1.00040389e+01 2.53274102e-02 9.99601645e-01 1.24565932e-02 1.83868729e-01 -1.31229859e-02 -1.21270615e-02 9.99840383e-01 -1.02341228e-01
0 279 291 9.98453390e-01 -5.55601595e-02 1.99701181e-03 9.65421435e+00 5.55779574e-02 9.98399822e-01 -1.04364033e-02 2.84346954e-01 -1.41397679e-03 1.05312590e-02 9.99943572e-01 3.15523223e-02
0 292 304 9.96405306e-01 -8.46868894e-02 -2.16488380e-03 9.84335253e+00 8.47139012e-02 9.95976909e-01 2.92144208e-02 6.31550830e-01 -3.17902382e-04 -2.92927999e-02 9.99570817e-01 4.83855366e-02
0 305 317 9.97693763e-01 -6.62942630e-02 1.45700223e-02 9.93527668e+00 6.67375962e-02 9.97244197e-01 -3.24029079e-02 3.37225855e-01 -1.23817448e-02 3.33005565e-02 9.99368615e-01 -2.32699218e-02
0 318 329 9.99189895e-01 -3.67115424e-02 1.64852529e-02 9.32280583e+00 3.65090463e-02 9.99256097e-01 1.24206987e-02 3.13874098e-01 -1.69289705e-02 -1.18087773e-02 9.99786942e-01 3.11413411e-03
0 330 341 9.99892426e-01 -1.16862875e-02 -8.87456555e-03 9.31725992e+00 1.16792867e-02 9.99931436e-01 -8.39138170e-04 1.23902979e-01 8.88376102e-03 7.35412922e-04 9.99960193e-01 2.01116993e-01
0 342 355 9.99907864e-01 8.20465300e-04 -1.35539579e-02 9.89481628e+00 -9.38653715e-04 9.99961565e-01 -8.71600716e-03 9.31963834e-02 1.35462805e-02 8.72792550e-03 9.99870101e-01 1.51477631e-01
0 356 370 9.97524235e-01 6.91344034e-02 1.28843660e-02 9.09326647e+00 -6.91515390e-02 9.97605798e-01 8.89574463e-04 -3.71470573e-01 -1.27920148e-02 -1.77833362e-03 9.99916544e-01 5.70575770e-02
0 371 385 9.99306218e-01 -3.70060519e-02 4.19621330e-03 9.46551571e+00 3.70806078e-02 9.99124823e-01 -1.93560061e-02 2.18763254e-01 -3.47625293e-03 1.94981889e-02 9.99803831e-01 1.06689404e-01
0 386 401 9.99967871e-01 -7.69726430e-03 2.27360143e-03 1.01518440e+01 7.74717908e-03 9.99709269e-01 -2.28312822e-02 4.81331163e-02 -2.09720396e-03 2.28481569e-02 9.99736739e-01 1.85823974e-01
0 402 423 7.12756148e-01 -7.00852919e-01 -2.79967282e-02 9.21854124e+00 7.00555326e-01 7.09346558e-01 7.77794075e-02 3.08991366e+00 -3.46525562e-02 -7.50510318e-02 9.96577348e-01 1.77171571e-01
0 424 444 7.32202042e-01 -6.80081366e-01 -3.70082161e-02 7.93126551e+00 6.80283945e-01 7.32896440e-01 -8.74951204e-03 5.03346277e+00 3.30735608e-02 -1.87696879e-02 9.99276674e-01 2.22608469e-01
0 445 458 9.99925827e-01 1.21333094e-02 -1.06108883e-03 9.85106381e+00 -1.21457011e-02 9.99847158e-01 -1.25759207e-02 -1.65920501e-02 9.08328064e-04 1.25878784e-02 9.99920330e-01 3.48625493e-02
0 459 470 9.99773625e-01 -1.94043210e-02 8.72173648e-03 9.70083287e+00 1.95093738e-02 9.99736184e-01 -1.21263153e-02 9.37512404e-02 -8.48413083e-03 1.22937297e-02 9.99888375e-01 5.40754728e-02
0 471 482 9.99961459e-01 7.78979134e-03 -4.04915750e-03 9.43368481e+00 -7.80161132e-03 9.99965365e-01 -2.91364850e-03 4.69234677e-02 4.02631692e-03 2.94513410e-03 9.99987548e-01 1.66106487e-01
0 483 495 9.99635641e-01 -2.69261356e-02 1.88334772e-03 9.77469668e+00 2.69163831e-02 9.99625015e-01 5.02460985e-03 1.31445597e-01 -2.01794139e-03 -4.97209233e-03 9.99985537e-01 8.04760194e-02
0 496 509 9.99991777e-01 -4.58679732e-04 4.01880319e-03 9.41086993e+00 3.20024507e-04 9.99406969e-01 3.44307325e-02 1.98401813e-01 -4.03222340e-03 -3.44291769e-02 9.99399070e-01 1.12099558e-01
0 510 534 9.94159992e-01 1.07815146e-01 -4.65966579e-03 9.89056558e+00 -1.07877065e-01 9.94032909e-01 -1.61600310e-02 -4.46721222e-01 2.88956604e-03 1.65683417e-02 9.99858574e-01 1.31193630e-01
0 535 593 3.26116033e-01 9.45229446e-01 -1.37718379e-02 8.10663454e+00 -9.45077734e-01 3.25658218e-01 -2.78325986e-02 -5.50020686e+00 -2.18232702e-02 2.20921201e-02 9.99517813e-01 -4.03912925e-02
0 594 609 9.74162606e-01 2.25717649e-01 7.66336986e-03 9.71203017e+00 -2.25603982e-01 9.74126973e-01 -1.33958224e-02 -1.85901064e+00 -1.04887607e-02 1.13208218e-02 9.99880974e-01 -7.52997302e-03
0 610 621 9.99930938e-01 -8.31653651e-03 -8.29790995e-03 9.54589627e+00 8.27142442e-03 9.99950906e-01 -5.45537206e-03 8.30945952e-02 8.34287631e-03 5.38636114e-03 9.99950724e-01 7.05899336e-02
0 622 631 9.99966798e-01 -8.63681092e-04 8.10663094e-03 8.98338685e+00 8.69488867e-04 9.99999395e-01 -7.12739348e-04 4.21224736e-02 -8.10600564e-03 7.19765687e-04 9.99966830e-01 -3.43894471e-02
0 632 641 9.99881354e-01 -1.46597306e-02 4.72308887e-03 9.51704849e+00 1.46582164e-02 9.99892453e-01 3.55173251e-04 1.05305360e-01 -4.72779081e-03 -2.85899499e-04 9.99988801e-01 7.98960585e-02
0 642 651 9.99993778e-01 1.30726717e-04 -3.52447988e-03 9.36101932e+00 -1.05300657e-04 9.99973996e-01 7.20906351e-03 5.23202371e-02 3.52532859e-03 -7.20864929e-03 9.99967816e-01 1.50131278e-01
0 652 661 9.99988503e-01 3.42221628e-03 -3.36768867e-03 9.21897530e+00 -3.35664229e-03 9.99808216e-01 1.92902957e-02 5.81707917e-02 3.43305938e-03 -1.92787834e-02 9.99808307e-01 7.67264275e-02
0 662 671 9.99985653e-01 4.36266884e-03 3.12025360e-03 9.41933234e+00 -4.36143913e-03 9.99990439e-01 -3.99910667e-04 2.63570601e-02 -3.12196712e-03 3.86299961e-04 9.99995046e-01 5.53792028e-02
0 672 681 9.99969028e-01 5.74187482e-04 7.85191727e-03 9.70792354e+00 -5.15379245e-04 9.99971764e-01 -7.48985473e-03 2.81677848e-02 -7.85599733e-03 7.48558458e-03 9.99941120e-01 3.49415202e-02
0 682 691 9.99979800e-01 -3.88760828e-03 5.03605642e-03 9.46735958e+00 3.98465310e-03 9.99803615e-01 -1.94077702e-02 1.40970360e-02 -4.95962104e-03 1.94274524e-02 9.99798998e-01 7.45890967e-02
0 692 702 9.99966651e-01 -8.03724176e-03 1.42869126e-03 9.66547930e+00 8.03604549e-03 9.99967350e-01 8.35119766e-04 7.44136620e-02 -1.43535598e-03 -8.23609774e-04 9.99998622e-01 1.27062978e-01
0 703 716 9.99806374e-01 1.95756145e-02 -2.02465832e-03 9.96659224e+00 -1.95838877e-02 9.99799594e-01 -4.15102895e-03 -7.28890161e-02 1.94299803e-03 4.18987593e-03 9.99989325e-01 1.40314091e-01
0 717 739 8.11834282e-01 -5.83598350e-01 1.83905429e-02 9.65142350e+00 5.82548001e-01 8.11702017e-01 4.21616335e-02 2.14342749e+00 -3.95331078e-02 -2.35148805e-02 9.98941505e-01 4.59830895e-02
0 740 759 5.84220655e-01 -8.11381228e-01 -1.86213076e-02 7.70978352e+00 8.11585208e-01 5.83948962e-01 1.82454388e-02 6.09835004e+00 -3.93011065e-03 -2.57721378e-02 9.99660064e-01 5.83344954e-02
0 760 773 9.99370188e-01 3.39068279e-02 1.04639573e-02 9.52847300e+00 -3.40477138e-02 9.99327717e-01 1.35963664e-02 -6.61004893e-02 -9.99590561e-03 -1.39440716e-02 9.99852769e-01 -7.81084132e-03
0 774 785 9.99724291e-01 2.09653339e-02 1.05778844e-02 9.90101490e+00 -2.09254574e-02 9.99773564e-01 -3.86657359e-03 -1.13306027e-01 -1.06565599e-02 3.64414967e-03 9.99936646e-01 -4.69999369e-02
0 786 796 9.99740508e-01 -2.13061661e-02 8.05633399e-03 9.16434359e+00 2.12416982e-02 9.99742320e-01 8.00401682e-03 1.30895873e-01 -8.22478788e-03 -7.83082343e-03 9.99935509e-01 8.82302621e-02
0 797 808 9.99949002e-01 9.66788259e-03 -2.89856224e-03 9.85088839e+00 -9.64958794e-03 9.99933892e-01 6.25814792e-03 1.06748294e-01 2.95886314e-03 -6.22986586e-03 9.99976204e-01 1.50776848e-01
0 809 820 9.98557214e-01 5.35152922e-02 4.43141186e-03 9.61382331e+00 -5.34979456e-02 9.98560253e-01 -3.94323307e-03 -2.25846843e-01 -4.63605685e-03 3.70048092e-03 9.99982381e-01 1.13316746e-01
0 821 835 9.99230282e-01 -3.89411426e-02 -4.73283175e-03 9.78521588e+00 3.88276611e-02 9.99001952e-01 -2.20792450e-02 8.01914665e-02 5.58789753e-03 2.18784978e-02 9.99745013e-01 1.87007301e-01
0 836 852 9.97352226e-01 -7.01813030e-02 -1.90577873e-02 9.65729619e+00 7.04685587e-02 9.97403430e-01 1.48474457e-02 5.60217254e-01 1.79662931e-02 -1.61511237e-02 9.99708183e-01 1.90360441e-01
0 853 866 9.99172116e-01 4.05289239e-02 3.53452333e-03 9.93689338e+00 -4.05954462e-02 9.98946177e-01 2.14142895e-02 -1.02005226e-01 -2.66289604e-03 -2.15400498e-02 9.99764429e-01 -1.48398140e-01
0 867 877 9.97942601e-01 6.36428375e-02 7.75879914e-03 9.41522610e+00 -6.35666879e-02 9.97930413e-01 -9.69426540e-03 -2.97970103e-01 -8.35972250e-03 9.18110354e-03 9.99922975e-01 1.72662539e-03
0 878 888 9.99772978e-01 -2.12978470e-02 5.49888498e-04 9.94919008e+00 2.13038819e-02 9.99647763e-01 -1.58261406e-02 9.97300698e-02 -2.12630664e-04 1.58342627e-02 9.99874601e-01 5.65563444e-02
0 889 899 9.99617027e-01 -2.59130925e-02 9.71166966e-03 9.74719567e+00 2.58845214e-02 9.99660252e-01 3.05586314e-03 1.83937690e-01 -9.78755829e-03 -2.80330569e-03 9.99948091e-01 1.20286028e-01
0 900 910 9.99959716e-01 -6.95127740e-03 5.68244732e-03 9.46119316e+00 6.93091198e-03 9.99969586e-01 3.59437830e-03 1.21482768e-01 -5.70726180e-03 -3.55484672e-03 9.99977369e-01 5.92408576e-02
0 911 922 9.99845921e-01 1.19072128e-02 1.29008939e-02 9.74258104e+00 -1.18288817e-02 9.99911272e-01 -6.13136018e-03 -3.40516309e-02 -1.29727536e-02 5.97781582e-03 9.99897940e-01 6.25238312e-02
0 923 938 9.97881919e-01 -6.48368861e-02 -5.26455968e-03 9.78792775e+00 6.48140048e-02 9.97887603e-01 -4.41483004e-03 1.96901163e-01 5.53968112e-03 4.06425925e-03 9.99976410e-01 1.98465426e-01
0 939 959 4.28263862e-01 -9.03639521e-01 5.08286761e-03 8.28208266e+00 9.03345404e-01 4.28257842e-01 2.37117302e-02 5.28892397e+00 -2.36036391e-02 -5.56329170e-03 9.99705922e-01 3.99234926e-02
0 960 975 9.51835432e-01 -3.05847238e-01 -2.16070538e-02 9.68777480e+00 3.06112839e-01 9.51940326e-01 1.02166762e-02 2.38298468e+00 1.74438821e-02 -1.63387972e-02 9.99714339e-01 1.20038341e-01
0 976 987 9.99617176e-01 -2.75678494e-02 2.35833838e-03 9.27409364e+00 2.75298176e-02 9.99510614e-01 1.48576494e-02 2.96558855e-01 -2.76678004e-03 -1.47870416e-02 9.99886906e-01 -4.29852685e-03
0 988 998 9.99561227e-01 2.45798582e-02 1.65253709e-02 9.33076370e+00 -2.47563053e-02 9.99637743e-01 1.05615357e-02 -4.27226259e-02 -1.62597882e-02 -1.09660032e-02 9.99807652e-01 -1.24866304e-02
0 999 1009 9.99756648e-01 2.20324403e-02 1.05983698e-03 9.39999240e+00 -2.20414540e-02 9.99712675e-01 9.42680772e-03 -1.31123175e-02 -8.51838622e-04 -9.44787416e-03 9.99955047e-01 1.00334365e-01
0 1010 1020 9.99995890e-01 -1.98858165e-03 -2.06272283e-03 9.51493614e+00 1.99778695e-03 9.99987980e-01 4.46761968e-03 6.77518433e-02 2.05380072e-03 -4.47172322e-03 9.99987907e-01 6.36839678e-02
0 1021 1031 9.99856157e-01 1.69602722e-02 -7.76026272e-05 9.31509964e+00 -1.69604416e-02 9.99842581e-01 -5.20837261e-03 -4.51523243e-02 -1.07530527e-05 5.20894076e-03 9.99986443e-01 1.04566982e-01
0 1032 1042 9.99698984e-01 -2.43802122e-02 -2.73517416e-03 9.37188533e+00 2.43572006e-02 9.99670089e-01 -8.15178163e-03 2.06497867e-01 2.93301802e-03 8.08270992e-03 9.99962971e-01 5.88250701e-02
0 1043 1053 9.99624365e-01 1.85089999e-02 2.02108931e-02 9.73626009e+00 -1.84298845e-02 9.99821817e-01 -4.09298825e-03 -2.38352686e-02 -2.02830576e-02 3.71896878e-03 9.99787340e-01 -5.83887339e-02
0 1054 1064 9.99807040e-01 -1.95522342e-02 -1.91790449e-03 9.87036107e+00 1.95559612e-02 9.99806891e-01 1.94731670e-03 1.79242190e-01 1.87945609e-03 -1.98445158e-03 9.99996252e-01 9.92818198e-02
0 1065 1075 9.99940989e-01 -9.82727480e-03 -4.63173060e-03 1.00329344e+01 9.79700620e-03 9.99930847e-01 -6.51252680e-03 1.44350807e-01 4.69541102e-03 6.46676978e-03 9.99968044e-01 2.15443594e-01
0 1076 1086 9.99871800e-01 1.56962783e-02 3.15936794e-03 9.79842440e+00 -1.56734421e-02 9.99851783e-01 -7.12468745e-03 -4.49261994e-02 -3.27072561e-03 7.07426643e-03 9.99969573e-01 1.22484864e-01
0 1087 1098 9.99812918e-01 1.93427641e-02 -5.27066295e-05 9.61836193e+00 -1.93418065e-02 9.99783897e-01 7.61998782e-03 1.99079740e-02 2.00089211e-04 -7.61754409e-03 9.99970933e-01 1.44886184e-01
0 1099 1115 9.98947317e-01 -4.58726084e-02 -3.75790789e-04 9.95050007e+00 4.58541551e-02 9.98720561e-01 -2.13200502e-02 -2.04864085e-02 1.35332262e-03 2.12803750e-02 9.99772636e-01 1.59702938e-01
0 1116 1138 4.44282745e-01 -8.95855951e-01 -7.41859301e-03 8.20083963e+00 8.95845645e-01 4.44168120e-01 1.32328556e-02 5.75546235e+00 -8.55964518e-03 -1.25250513e-02 9.99884860e-01 -1.20346132e-02
0 1139 1153 9.53912082e-01 -2.99634163e-01 -1.64697728e-02 9.39457630e+00 2.99820730e-01 9.53940001e-01 1.03031926e-02 2.40536813e+00 1.26239890e-02 -1.47663162e-02 9.99811275e-01 3.00366464e-02
0 1154 1165 9.99657692e-01 -2.04487431e-02 1.63184982e-02 9.10124665e+00 2.06662435e-02 9.99698300e-01 -1.32730139e-02 1.47909482e-01 -1.60421708e-02 1.36057200e-02 9.99778768e-01 -6.29153001e-02
0 1166 1177 9.98791915e-01 -4.90099835e-02 3.56315361e-03 9.91628657e+00 4.90262943e-02 9.98786730e-01 -4.64459847e-03 2.79682877e-01 -3.33119892e-03 4.81367658e-03 9.99982823e-01 7.02352560e-02
0 1178 1189 9.99993182e-01 -3.56718576e-03 9.63955613e-04 9.74190360e+00 3.53296199e-03 9.99435038e-01 3.34220278e-02 1.97568413e-01 -1.08264002e-03 -3.34183981e-02 9.99440861e-01 4.54425678e-02
0 1190 1204 9.97700713e-01 6.76090715e-02 -4.72985379e-03 1.00150414e+01 -6.76292570e-02 9.97701473e-01 -4.24858702e-03 -2.33048543e-01 4.43174058e-03 4.55869638e-03 9.99979855e-01 1.44906255e-01
0 1205 1222 9.88086421e-01 -1.53740989e-01 6.99748754e-03 9.98911796e+00 1.53885242e-01 9.87601555e-01 -3.10261199e-02 2.99405492e-01 -2.14074315e-03 3.17333028e-02 9.99494069e-01 -2.18946237e-02
0 1223 1242 5.83777171e-01 -8.11874110e-01 8.05396631e-03 8.55491216e+00 8.11913892e-01 5.83744522e-01 -6.18348047e-03 4.81263506e+00 3.18745014e-04 1.01489010e-02 9.99948454e-01 6.12635117e-02
0 1243 1263 9.91527779e-01 1.29261179e-01 1.28138298e-02 9.64273191e+00 -1.29248532e-01 9.91610616e-01 -1.80902428e-03 9.26254756e-01 -1.29401724e-02 1.37521553e-04 9.99916233e-01 5.27134520e-02
0 1264 1288 6.01883597e-01 7.98557507e-01 -6.49928387e-03 7.69976645e+00 -7.98573799e-01 6.01896738e-01 9.50580653e-05 -6.13690151e+00 3.98781405e-03 5.13294819e-03 9.99978792e-01 -4.76925005e-03
0 1289 1303 9.99596906e-01 2.78794951e-02 5.37779680e-03 9.73401464e+00 -2.79105318e-02 9.99593692e-01 5.78382891e-03 -8.53568767e-02 -5.21436183e-03 -5.93159153e-03 9.99968796e-01 7.24644218e-03
0 1304 1315 9.99881107e-01 1.50752977e-02 -3.23946414e-03 9.21975100e+00 -1.50860703e-02 9.99880668e-01 -3.32764789e-03 -6.50702115e-02 3.18892497e-03 3.37611965e-03 9.99989253e-01 9.74118926e-02
0 1316 1327 9.99584182e-01 -2.57303238e-02 1.30169635e-02 9.69702513e+00 2.58201525e-02 9.99643627e-01 -6.78082383e-03 1.99068690e-01 -1.28378451e-02 7.11410688e-03 9.99892276e-01 9.93154603e-02
0 1328 1339 9.99982757e-01 -4.94559121e-03 -3.15715288e-03 9.25757910e+00 4.92318995e-03 9.99962921e-01 -7.06443288e-03 5.00443589e-02 3.19197342e-03 7.04877412e-03 9.99970112e-01 1.70694145e-01
0 1340 1353 9.99915059e-01 -1.30036639e-02 -8.94458683e-04 9.97959870e+00 1.30148227e-02 9.99819188e-01 1.38666977e-02 1.46033620e-01 7.13978034e-04 -1.38771650e-02 9.99903493e-01 1.46973668e-01
0 1354 1370 9.98574715e-01 5.31024378e-02 5.34817858e-03 9.74721055e+00 -5.31361261e-02 9.98566987e-01 6.37120257e-03 -1.07446427e-01 -5.00219375e-03 -6.64630910e-03 9.99965337e-01 1.17881379e-01
0 1371 1409 7.04141818e-01 7.09998886e-01 -9.26852981e-03 9.45336792e+00 -7.10037333e-01 7.04162676e-01 -1.33501094e-03 -3.01532977e+00 5.57869269e-03 7.52103630e-03 9.99956167e-01 6.32407402e-02
0 1410 1427 7.63074404e-01 6.46309657e-01 1.17078644e-03 8.30988487e+00 -6.46220311e-01 7.62996754e-01 -1.53364162e-02 -4.63781468e+00 -1.08053679e-02 1.09462457e-02 9.99881680e-01 -3.63261055e-02
0 1428 1439 9.99872827e-01 1.59102076e-02 -1.03583565e-03 9.53138531e+00 -1.59209176e-02 9.99809215e-01 -1.13220851e-02 -1.60580275e-01 8.55496725e-04 1.13371380e-02 9.99935346e-01 -7.41673634e-04
0 1440 1449 9.99571509e-01 -2.91855075e-02 2.26160498e-03 9.40731950e+00 2.91793684e-02 9.99570524e-01 2.69542593e-03 2.00696635e-01 -2.33930602e-03 -2.62827306e-03 9.99993856e-01 3.18474085e-02
0 1450 1458 9.99936513e-01 -1.12136148e-02 1.13475705e-03 9.04195155e+00 1.12105019e-02 9.99933430e-01 2.71481393e-03 1.11668084e-01 -1.16513184e-03 -2.70190515e-03 9.99995701e-01 5.82510822e-02
0 1459 1467 9.99956748e-01 8.44119628e-03 3.91977969e-03 9.40432006e+00 -8.46681898e-03 9.99942561e-01 6.56390034e-03 2.02764456e-02 -3.86415339e-03 -6.59679896e-03 9.99970817e-01 6.11198656e-02
0 1468 1476 9.99920600e-01 1.17860723e-02 -4.45324629e-03 9.84067638e+00 -1.18263824e-02 9.99888307e-01 -9.13524596e-03 -4.30688960e-02 4.34508028e-03 9.18719387e-03 9.99948322e-01 7.66104308e-02
0 1477 1484 9.99995916e-01 2.57808641e-03 -1.19759270e-03 8.96223078e+00 -2.57482833e-03 9.99992992e-01 2.71513281e-03 1.79498600e-02 1.20458685e-03 -2.71203314e-03 9.99995584e-01 3.50893378e-02
0 1485 1492 9.99988269e-01 -3.83738449e-03 2.97254904e-03 9.12851056e+00 3.84259530e-03 9.99991079e-01 -1.74821529e-03 4.48678344e-02 -2.96581059e-03 1.75962518e-03 9.99994031e-01 5.95056936e-02
0 1493 1500 9.99979407e-01 -6.04284142e-03 2.15060187e-03 9.12814481e+00 6.03895691e-03 9.99980185e-01 1.80822983e-03 6.48668191e-02 -2.16148152e-03 -1.79522033e-03 9.99995989e-01 7.50061705e-02
0 1501 1508 9.99935039e-01 -5.04561906e-03 1.02196132e-02 9.00989862e+00 5.01660063e-03 9.99983286e-01 2.86282593e-03 5.87509196e-02 -1.02338871e-02 -2.81137284e-03 9.99943746e-01 6.14144539e-02
0 1509 1516 9.99997450e-01 -1.80958774e-03 -1.38699018e-03 8.74055323e+00 1.80423123e-03 9.99990940e-01 -3.85259970e-03 4.29856451e-02 1.39395705e-03 3.85010135e-03 9.99991691e-01 8.90298817e-02
0 1517 1525 9.99958852e-01 8.91582045e-03 -1.67652262e-03 8.97028331e+00 -8.91137577e-03 9.99956785e-01 2.64091896e-03 4.94496992e-03 1.70000248e-03 -2.62587022e-03 9.99995033e-01 1.47554985e-01
0 1526 1536 9.99907863e-01 1.05053736e-02 8.60385372e-03 9.11149504e+00 -1.04787801e-02 9.99940215e-01 -3.12964166e-03 -2.04609457e-02 -8.63620707e-03 3.03920540e-03 9.99958084e-01 1.37293189e-01
0 1537 1553 8.71094719e-01 -4.91113831e-01 -1.14791211e-03 9.48482693e+00 4.90885679e-01 8.70613864e-01 3.26007799e-02 1.98843323e+00 -1.50113070e-02 -2.89618701e-02 9.99467755e-01 1.29928945e-01
0 1554 1573 6.19125305e-01 -7.84927197e-01 -2.39407496e-02 7.92105910e+00 7.85270007e-01 6.19048985e-01 1.13671067e-02 5.27594019e+00 5.89814143e-03 -2.58376256e-02 9.99648765e-01 1.32550441e-02
0 1574 1589 9.99252139e-01 -3.71409325e-02 1.07518315e-02 9.83141012e+00 3.75013020e-02 9.98664989e-01 -3.55209730e-02 2.18580142e-01 -9.41819601e-03 3.58976223e-02 9.99311031e-01 -3.84030765e-02
0 1590 1601 9.96684712e-01 -8.13566927e-02 -8.77666727e-04 9.37148292e+00 8.13477572e-02 9.96261886e-01 2.90662516e-02 6.20299923e-01 -1.49035123e-03 -2.90412864e-02 9.99577056e-01 4.05193224e-02
0 1602 1613 9.92841287e-01 1.19330010e-01 5.13955241e-03 9.40365278e+00 -1.19367852e-01 9.92819280e-01 7.82751803e-03 -5.04205660e-01 -4.16857983e-03 -8.38498437e-03 9.99956171e-01 9.28565842e-02
0 1614 1625 9.99956721e-01 9.30348925e-03 5.85286070e-05 9.60466265e+00 -9.30313826e-03 9.99947049e-01 -4.39798225e-03 -1.11362748e-01 -9.94374760e-05 4.39724742e-03 9.99990314e-01 1.28107087e-01
0 1626 1637 9.88052269e-01 1.54116178e-01 8.83466473e-04 9.80100677e+00 -1.54103604e-01 9.87859565e-01 1.96359208e-02 -4.97363118e-01 2.15347445e-03 -1.95374689e-02 9.99806742e-01 1.39186892e-01
0 1638 1649 9.93578612e-01 1.13131927e-01 1.61184862e-03 9.64462189e+00 -1.13082696e-01 9.93411713e-01 -1.85859900e-02 -8.07004422e-01 -3.70390259e-03 1.82843711e-02 9.99825966e-01 -2.52040770e-02
0 1650 1660 9.95574858e-01 9.38429488e-02 -4.91914999e-03 9.30861678e+00 -9.38555429e-02 9.95582997e-01 -2.38258235e-03 -3.14890951e-01 4.67383501e-03 2.83373788e-03 9.99985072e-01 -8.07195173e-03
0 1661 1671 9.99444363e-01 2.98210468e-02 1.48914084e-02 9.88959050e+00 -2.99366564e-02 9.99522963e-01 7.59313598e-03 -1.31212102e-01 -1.46578707e-02 -8.03471785e-03 9.99860290e-01 -2.24411325e-02
0 1672 1682 9.90553530e-01 1.36982578e-01 6.28295925e-03 9.56091956e+00 -1.37054051e-01 9.90479619e-01 1.28980199e-02 -5.80556890e-01 -4.45633430e-03 -1.36372892e-02 9.99897084e-01 6.29836819e-02
0 1683 1694 9.99138922e-01 4.13969947e-02 2.75697588e-03 9.76813281e+00 -4.13039632e-02 9.98755278e-01 -2.79607042e-02 -4.21988347e-01 -3.91102192e-03 2.78227693e-02 9.99605179e-01 1.22831821e-01
0 1695 1709 9.99927332e-01 1.13816116e-02 3.98371163e-03 9.68311200e+00 -1.13915188e-02 9.99932014e-01 2.47667851e-03 1.61206457e-01 -3.95526009e-03 -2.52187535e-03 9.99988986e-01 1.46902113e-01
0 1710 1723 9.98887937e-01 -4.58301241e-02 1.10672057e-02 9.48126521e+00 4.55713587e-02 9.98705343e-01 2.26042876e-02 1.80332437e-01 -1.20888384e-02 -2.20748076e-02 9.99683218e-01 1.39791171e-02
0 1724 1735 9.99987812e-01 -4.73057787e-03 -1.43448916e-03 9.47215637e+00 4.74587079e-03 9.99929424e-01 1.08971551e-02 1.59396241e-01 1.38283917e-03 -1.09038313e-02 9.99939600e-01 1.06056371e-01
0 1736 1746 9.99947389e-01 6.89170629e-03 7.60181178e-03 9.62967282e+00 -7.04995908e-03 9.99754733e-01 2.09929975e-02 2.52872426e-02 -7.45526716e-03 -2.10454910e-02 9.99750736e-01 2.22669963e-04
0 1747 1757 9.99942200e-01 -8.51655313e-03 6.56436061e-03 9.58606565e+00 8.58210272e-03 9.99913006e-01 -1.00176548e-02 1.37377975e-01 -6.47847522e-03 1.00734162e-02 9.99928217e-01 1.36371392e-01
0 1758 1768 9.99877189e-01 6.98057183e-03 -1.40264505e-02 9.29027727e+00 -7.02039239e-03 9.99971438e-01 -2.78866872e-03 -4.55755574e-03 1.40065895e-02 2.88679596e-03 9.99897706e-01 1.96764073e-01
0 1769 1782 9.99322517e-01 3.63828953e-02 -5.55481195e-03 9.92763362e+00 -3.65386962e-02 9.98846636e-01 -3.11506090e-02 -1.81257245e-01 4.41505692e-03 3.13324834e-02 9.99499296e-01 1.45097196e-01
0 1783 1800 8.18504451e-01 -5.74499987e-01 -5.85798428e-04 9.13827132e+00 5.74500190e-01 8.18504077e-01 8.02355410e-04 3.16882802e+00 1.85283451e-05 -9.93263692e-04 9.99999512e-01 1.55125016e-01
0 1801 1815 9.99595967e-01 2.79782176e-02 -5.01896412e-03 9.37746582e+00 -2.78107552e-02 9.99138571e-01 3.08022833e-02 1.88118291e-01 5.87643431e-03 -3.06502740e-02 9.99512861e-01 1.05757216e-01
0 1816 1829 9.99955826e-01 3.46374937e-03 8.73842429e-03 9.81135343e+00 -3.46347363e-03 9.99994093e-01 -4.86250447e-05 -1.64649192e-02 -8.73853706e-03 1.83704688e-05 9.99961787e-01 8.11187610e-02
0 1830 1842 9.99799189e-01 1.92072773e-02 -5.71637875e-03 9.58851380e+00 -1.91835867e-02 9.99807320e-01 4.17205747e-03 -2.72842687e-02 5.79541712e-03 -4.06155881e-03 9.99975006e-01 1.14977573e-01
0 1843 1854 9.99777312e-01 -1.68004732e-02 -1.27682138e-02 9.26770248e+00 1.66830551e-02 9.99818149e-01 -9.24648736e-03 1.10815097e-01 1.29212475e-02 9.03141896e-03 9.99875777e-01 9.14019165e-02
0 1855 1866 9.99978457e-01 6.35822670e-03 1.63516914e-03 9.43943138e+00 -6.35597170e-03 9.99978824e-01 -1.37461512e-03 3.54872201e-03 -1.64387389e-03 1.36419324e-03 9.99997685e-01 3.75040242e-02
0 1867 1878 9.99952199e-01 9.73613134e-03 8.68592495e-04 9.82501545e+00 -9.73883634e-03 9.99947504e-01 3.17396846e-03 5.33852979e-02 -8.37652587e-04 -3.18227868e-03 9.99994587e-01 3.67033013e-02
0 1879 1890 9.99999615e-01 -8.42587633e-04 -2.31281692e-04 9.82390595e+00 8.44858182e-04 9.99949585e-01 1.00069718e-02 5.10230348e-02 2.22839165e-04 -1.00071664e-02 9.99949886e-01 3.44353357e-02
0 1891 1902 9.99751335e-01 -2.02819146e-02 9.27380736e-03 9.38223047e+00 2.03544281e-02 9.99762488e-01 -7.79322900e-03 1.49007310e-01 -9.11353518e-03 7.98005541e-03 9.99926703e-01 3.37319537e-02
0 1903 1917 9.98281607e-01 5.85599990e-02 2.15592305e-03 9.88590068e+00 -5.85538613e-02 9.98280342e-01 -2.79345971e-03 -6.74452021e-02 -2.31580080e-03 2.66242655e-03 9.99993775e-01 1.12964190e-01
0 1918 1942 9.92550368e-01 -1.21804683e-01 2.71274699e-03 9.40937071e+00 1.21827032e-01 9.91989686e-01 -3.33854654e-02 -3.77897800e-01 1.37548584e-03 3.34672564e-02 9.99438859e-01 7.75261384e-02
0 1943 1970 2.38770469e-01 -9.69977915e-01 -4.61700383e-02 5.77768123e+00 9.71024797e-01 2.38000009e-01 2.16012436e-02 7.96867661e+00 -9.96427035e-03 -4.99899965e-02 9.98700035e-01 -5.26928841e-02
0 1971 1984 9.90637249e-01 -1.36043690e-01 -1.13965740e-02 9.84435633e+00 1.36190065e-01 9.90594189e-01 1.32470218e-02 1.15843585e+00 9.48720151e-03 -1.46750925e-02 9.99847300e-01 8.36280057e-02
0 1985 1995 9.99658169e-01 2.57762786e-02 4.37430025e-03 9.40981046e+00 -2.57217186e-02 9.99595883e-01 -1.20998529e-02 -1.06207004e-01 -4.68441846e-03 1.19832078e-02 9.99917219e-01 -3.38070318e-03
0 1996 2005 9.99997545e-01 -1.27646962e-03 1.81029383e-03 9.01877264e+00 1.25052583e-03 9.99897651e-01 1.42576614e-02 7.65956496e-02 -1.82831297e-03 -1.42553552e-02 9.99896635e-01 1.03293394e-01
0 2006 2015 9.99992176e-01 -4.30953157e-04 -3.92437043e-03 9.15873990e+00 4.26383380e-04 9.99999242e-01 -1.16294730e-03 8.50965132e-02 3.92487361e-03 1.16124698e-03 9.99991717e-01 1.14155514e-01
0 2016 2025 9.99951827e-01 8.04991785e-03 5.60053234e-03 9.15868275e+00 -8.03887444e-03 9.99965636e-01 -1.99168010e-03 -2.26798586e-02 -5.61637640e-03 1.94655644e-03 9.99982246e-01 5.60228111e-02
0 2026 2035 9.99817039e-01 -1.08775038e-02 -1.57341605e-02 9.11361963e+00 1.11353739e-02 9.99803574e-01 1.63949256e-02 1.76690441e-01 1.55527350e-02 -1.65671356e-02 9.99741748e-01 1.97465700e-01
0 2036 2045 9.99895552e-01 1.12584951e-02 9.06116726e-03 9.08728115e+00 -1.11115650e-02 9.99808587e-01 -1.61056276e-02 -2.13692917e-02 -9.24075199e-03 1.60032682e-02 9.99829219e-01 5.01818383e-02
0 2046 2055 9.99332432e-01 3.51684301e-02 9.89842548e-03 9.02885001e+00 -3.51196295e-02 9.99370391e-01 -5.05863406e-03 -9.28545101e-02 -1.00701007e-02 4.70763737e-03 9.99938245e-01 7.21827282e-05
0 2056 2066 9.99176211e-01 4.04784491e-02 2.91421180e-03 9.85467780e+00 -4.04653483e-02 9.99171163e-01 -4.42260150e-03 -2.06614573e-01 -3.09083518e-03 4.30104086e-03 9.99985940e-01 5.36707164e-02
0 2067 2077 9.99577636e-01 -2.65945519e-02 1.17132712e-02 9.45350595e+00 2.70192796e-02 9.98922458e-01 -3.77335818e-02 1.38325818e-01 -1.06971454e-02 3.80341325e-02 9.99219181e-01 1.15429066e-01
0 2078 2090 9.98102970e-01 6.11134653e-02 -7.46128552e-03 9.93402780e+00 -6.11429772e-02 9.98121840e-01 -3.79829687e-03 -1.71508520e-01 7.21514570e-03 4.24729830e-03 9.99965015e-01 2.04927861e-01
0 2091 2108 9.99122999e-01 -4.16281678e-02 4.51333092e-03 9.96026147e+00 4.16607971e-02 9.99104573e-01 -7.38216412e-03 -2.39744881e-01 -4.20198530e-03 7.56372107e-03 9.99962542e-01 1.98920876e-01
0 2109 2127 5.61164655e-01 -8.27670756e-01 7.44710739e-03 8.31415585e+00 8.26783610e-01 5.60942164e-01 4.21026461e-02 4.83742794e+00 -3.90245344e-02 -1.74693706e-02 9.99085499e-01 1.30809507e-03
0 2128 2142 9.78305584e-01 -2.06261134e-01 -1.93511807e-02 9.91632642e+00 2.06973815e-01 9.77151715e-01 4.83346505e-02 2.05846930e+00 8.93947341e-03 -5.12912598e-02 9.98643723e-01 1.02713750e-01
0 2143 2154 9.99565347e-01 2.68982270e-02 1.20729275e-02 9.89484571e+00 -2.68460404e-02 9.99629635e-01 -4.46036841e-03 -1.20458543e-01 -1.21884319e-02 4.13431664e-03 9.99917237e-01 2.62241440e-02
0 2155 2165 9.96757944e-01 8.04447819e-02 -1.48757531e-03 9.64755672e+00 -8.04517401e-02 9.96743702e-01 -5.42683108e-03 -2.86898322e-01 1.04617284e-03 5.52890949e-03 9.99984195e-01 1.37862586e-01
0 2166 2176 9.99949662e-01 4.60128755e-04 1.00210498e-02 9.71794359e+00 -4.91007780e-05 9.99160358e-01 -4.09721401e-02 -1.93574647e-01 -1.00314925e-02 4.09696005e-02 9.99109966e-01 3.72405341e-02
0 2177 2187 9.96848965e-01 -7.93131058e-02 1.23194478e-03 9.90333162e+00 7.93056971e-02 9.96193783e-01 -3.61736870e-02 4.06152749e-01 1.64179075e-03 3.61574232e-02 9.99344812e-01 1.10304522e-01
0 2188 2198 9.99881235e-01 -1.53376420e-02 -1.47091010e-03 9.83464107e+00 1.53471047e-02 9.99860271e-01 6.62175352e-03 1.85244284e-01 1.36913765e-03 -6.64355271e-03 9.99977021e-01 5.06183688e-02
0 2199 2209 9.99954823e-01 7.05924734e-03 6.36392564e-03 9.40118592e+00 -7.11185447e-03 9.99940362e-01 8.29154578e-03 -2.43944193e-02 -6.30500814e-03 -8.33643114e-03 9.99945337e-01 4.91711795e-02
0 2210 2222 9.99795813e-01 -2.01994933e-02 -5.41450770e-04 9.85275025e+00 2.01986462e-02 9.99794510e-01 -1.73866090e-03 1.34093854e-01 5.76468411e-04 1.72737424e-03 9.99998365e-01 1.13098888e-01
0 2223 2244 9.94761245e-01 1.01078970e-01 1.52684791e-02 9.84998734e+00 -1.01153582e-01 9.94861981e-01 4.19928363e-03 -1.65267123e-01 -1.47655734e-02 -5.72174696e-03 9.99874596e-01 9.73140443e-02
0 2245 2270 9.98798736e-01 4.89582919e-02 -2.00619916e-03 9.25019333e+00 -4.89247094e-02 9.98699851e-01 1.43156628e-02 -7.54645914e-01 2.70446365e-03 -1.42003145e-02 9.99895499e-01 2.03952060e-01
0 2271 2284 9.93901278e-01 -1.10133428e-01 5.55986957e-03 9.32147656e+00 1.10270858e-01 9.92978266e-01 -4.28324197e-02 6.80143049e-01 -8.03535643e-04 4.31842917e-02 9.99066800e-01 9.23147200e-02
0 2285 2297 9.99985053e-01 1.75807249e-04 5.45773069e-03 1.01868830e+01 -2.77189468e-04 9.99827030e-01 1.85948426e-02 8.55326004e-02 -5.45351472e-03 -1.85960756e-02 9.99812214e-01 6.63980701e-02
0 2298 2309 9.99964107e-01 -5.66176126e-03 -6.29334873e-03 9.55461980e+00 5.58292548e-03 9.99906656e-01 -1.24681381e-02 2.20941767e-02 6.36335516e-03 1.24325552e-02 9.99902392e-01 8.99160740e-02
0 2310 2324 9.96820636e-01 -7.92786680e-02 -7.96689718e-03 9.81217848e+00 7.92874355e-02 9.96851459e-01 7.94427265e-04 2.66152119e-01 7.87883314e-03 -1.42357354e-03 9.99967912e-01 1.53070701e-01
0 2325 2342 8.90163659e-01 -4.55056368e-01 2.30771634e-02 9.31522905e+00 4.52257498e-01 8.88580161e-01 7.67365422e-02 3.06370018e+00 -5.54253716e-02 -5.78712516e-02 9.96784232e-01 -1.89457166e-01
0 2343 2356 9.99686053e-01 1.20933387e-02 -2.19480291e-02 1.00006379e+01 -1.27209586e-02 9.99507568e-01 -2.86850159e-02 1.89178754e-02 2.15903304e-02 2.89552194e-02 9.99347457e-01 1.02893042e-01
0 2357 2367 9.99768108e-01 2.10092922e-02 -4.73709225e-03 9.56596258e+00 -2.10980298e-02 9.99586615e-01 -1.95359481e-02 -1.61152271e-01 4.32470017e-03 1.96313617e-02 9.99797986e-01 1.40891435e-02
0 2368 2377 9.99759443e-01 -1.97651888e-02 9.50381303e-03 9.19936210e+00 1.97899668e-02 9.99801028e-01 -2.52131314e-03 1.34958670e-01 -9.45208410e-03 2.70878600e-03 9.99951657e-01 9.77411759e-02
0 2378 2388 9.99803115e-01 3.28735264e-03 -1.95666122e-02 9.91725316e+00 -3.40785982e-03 9.99975373e-01 -6.12813458e-03 3.07053340e-02 1.95459820e-02 6.19360592e-03 9.99789826e-01 2.00848008e-01
0 2389 2399 9.99820856e-01 -1.70800116e-03 1.88514815e-02 9.58847758e+00 2.12546175e-03 9.99752453e-01 -2.21471471e-02 -4.01146254e-02 -1.88089881e-02 2.21832576e-02 9.99577000e-01 1.19564203e-02
0 2400 2411 9.99846355e-01 -1.63270947e-02 6.37189354e-03 9.39352756e+00 1.62145115e-02 9.99718203e-01 1.73388740e-02 1.72702921e-01 -6.65319131e-03 -1.72328863e-02 9.99829363e-01 1.01901268e-01
0 2412 2428 9.24791641e-01 3.80390455e-01 -7.97201889e-03 9.67192879e+00 -3.80182739e-01 9.24700735e-01 1.97389275e-02 -1.39998155e+00 1.48802308e-02 -1.52235628e-02 9.99773371e-01 1.47986868e-01
0 2429 2446 5.85828084e-01 8.10211077e-01 -1.90663549e-02 8.29878451e+00 -8.10302925e-01 5.85995484e-01 4.29162324e-03 -5.06244838e+00 1.46499310e-02 1.29353767e-02 9.99808973e-01 1.26419189e-01
0 2447 2460 9.82672573e-01 1.85349972e-01 8.63296730e-05 9.45263036e+00 -1.85209592e-01 9.81946607e-01 -3.84464605e-02 -1.46746551e+00 -7.21081202e-03 3.77642915e-02 9.99260660e-01 2.06240899e-02
0 2461 2472 9.99810996e-01 -1.77331661e-02 7.97186532e-03 9.38304627e+00 1.78525505e-02 9.99725653e-01 -1.51620651e-02 7.46530129e-02 -7.70080447e-03 1.53015260e-02 9.99853248e-01 1.24031049e-01
0 2473 2483 9.99919140e-01 7.21436739e-03 -1.04675858e-02 9.60105419e+00 -7.00965661e-03 9.99785977e-01 1.94631913e-02 4.51893455e-02 1.06057634e-02 -1.93882457e-02 9.99755698e-01 8.43581033e-02
0 2484 2493 9.99816887e-01 -9.24276711e-03 1.67543120e-02 9.49270908e+00 9.22263340e-03 9.99956565e-01 1.27864429e-03 8.64417280e-02 -1.67654102e-02 -1.12389521e-03 9.99858741e-01 -5.02695052e-02
0 2494 2503 9.99964518e-01 -6.33781462e-03 -5.55749609e-03 9.55125875e+00 6.31096341e-03 9.99968396e-01 -4.83372249e-03 5.46909897e-02 5.58795473e-03 4.79847442e-03 9.99972917e-01 1.52665251e-01
0 2504 2513 9.99949085e-01 6.82299034e-03 -7.43070300e-03 9.39106838e+00 -6.68655582e-03 9.99811395e-01 1.82325599e-02 3.24458272e-02 7.55371021e-03 -1.81819534e-02 9.99806241e-01 1.54425551e-01
0 2514 2523 9.99939605e-01 -8.01791663e-03 7.50663089e-03 9.21048430e+00 8.05399662e-03 9.99956113e-01 -4.78775927e-03 4.71100594e-02 -7.46791107e-03 4.84792965e-03 9.99960391e-01 3.87072849e-02
0 2524 2533 9.99315370e-01 -3.33746313e-02 -1.59683201e-02 9.00137570e+00 3.32716267e-02 9.99424107e-01 -6.67272581e-03 1.67565145e-01 1.61818268e-02 6.13686537e-03 9.99850203e-01 1.32264583e-01
0 2534 2544 9.99814607e-01 -1.85511928e-02 5.15821887e-03 9.92163611e+00 1.82994902e-02 9.98811184e-01 4.51820937e-02 3.09029526e-01 -5.99027223e-03 -4.50793371e-02 9.98965449e-01 4.38025906e-03
0 2545 2554 9.98714232e-01 5.04099678e-02 5.35979108e-03 9.02864601e+00 -5.04398067e-02 9.98711398e-01 5.60078675e-03 -1.76774629e-01 -5.07053681e-03 -5.86393555e-03 9.99969919e-01 2.32582018e-02
0 2555 2564 9.99790360e-01 2.00935433e-02 3.92151238e-03 9.14210769e+00 -2.01301413e-02 9.99752012e-01 9.52978178e-03 -4.95912902e-02 -3.72905135e-03 -9.60672864e-03 9.99946894e-01 8.87763423e-02
0 2565 2575 9.99965282e-01 5.04099019e-03 6.64613174e-03 9.80554806e+00 -4.88486276e-03 9.99716547e-01 -2.33025284e-02 1.14736026e-03 -6.76171210e-03 2.32692560e-02 9.99706312e-01 5.40875276e-02
0 2576 2588 9.98683646e-01 5.08707672e-02 6.57717483e-03 9.89953057e+00 -5.08998766e-02 9.98694418e-01 4.33775170e-03 -2.04247048e-01 -6.34792196e-03 -4.66681866e-03 9.99968922e-01 1.24400142e-01
0 2589 2603 9.94125285e-01 -1.08192144e-01 -3.04316369e-03 9.36264677e+00 1.08157694e-01 9.94085240e-01 -9.81999997e-03 3.72514312e-01 4.08762232e-03 9.43317085e-03 9.99947149e-01 1.53552298e-01
0 2604 2616 9.99849559e-01 1.69466527e-02 -3.69531698e-03 9.39986039e+00 -1.68438977e-02 9.99513154e-01 2.62624349e-02 2.54397989e-01 4.13858584e-03 -2.61962482e-02 9.99648238e-01 4.53365619e-02
0 2617 2627 9.97350449e-01 7.27090052e-02 -2.35695616e-03 9.50219177e+00 -7.27355957e-02 9.97246284e-01 -1.44676078e-02 -4.42600612e-01 1.29854613e-03 1.46007153e-02 9.99892581e-01 7.96417757e-02
0 2628 2637 9.99547851e-01 -3.00632568e-02 -5.89147183e-04 9.57864525e+00 3.00561808e-02 9.99501812e-01 -9.63505531e-03 1.64990812e-01 8.78510500e-04 9.61299598e-03 9.99953432e-01 3.61564257e-02
0 2638 2647 9.99945487e-01 -1.04371757e-02 2.44753316e-04 9.57573465e+00 1.04338822e-02 9.99886134e-01 1.08966046e-02 1.50847896e-01 -3.58462017e-04 -1.08934624e-02 9.99940551e-01 7.85197075e-02
0 2648 2657 9.99985540e-01 4.08511714e-03 -3.49248333e-03 9.29237736e+00 -4.09380484e-03 9.99988556e-01 -2.48519359e-03 2.18630251e-02 3.48228642e-03 2.49945855e-03 9.99990763e-01 1.31150822e-01
0 2658 2669 9.98879157e-01 -4.70526856e-02 5.13499993e-03 9.96000414e+00 4.70087784e-02 9.98859506e-01 8.35941687e-03 2.23489986e-01 -5.52247588e-03 -8.10865707e-03 9.99951860e-01 1.89843096e-01
0 2670 2684 9.99902834e-01 -1.37701517e-02 2.14418931e-03 9.47561741e+00 1.36479627e-02 9.98693081e-01 4.92529904e-02 5.37062764e-01 -2.81960173e-03 -4.92189602e-02 9.98784095e-01 1.81596570e-01
0 2685 2710 4.87833977e-02 9.98752082e-01 -1.07064374e-02 6.55765303e+00 -9.97294603e-01 4.81165552e-02 -5.55720009e-02 -7.33588736e+00 -5.49875057e-02 1.33884825e-02 9.98397241e-01 -2.64542422e-01
0 2711 2726 9.99023333e-01 4.35421378e-02 -7.50718561e-03 9.42260991e+00 -4.36342602e-02 9.98968390e-01 -1.25773130e-02 -5.15190225e-01 6.95179298e-03 1.28926075e-02 9.99892656e-01 -2.58883119e-03
0 2727 2738 9.99953224e-01 -8.08139111e-03 -5.31921939e-03 9.23727653e+00 8.11773235e-03 9.99943667e-01 6.84627664e-03 1.24552455e-01 5.26359391e-03 -6.88913835e-03 9.99962404e-01 -5.00896495e-02
0 2739 2749 9.99817928e-01 1.09584921e-02 1.56226087e-02 9.48439074e+00 -1.09806162e-02 9.99938734e-01 1.33034441e-03 -3.51411609e-02 -1.56070862e-02 -1.50166018e-03 9.99877026e-01 -4.91900294e-02
0 2750 2760 9.99979202e-01 3.17438838e-03 5.60806728e-03 9.77587186e+00 -3.15915669e-03 9.99991327e-01 -2.72198834e-03 4.84471190e-02 -5.61665166e-03 2.70421970e-03 9.99980628e-01 8.49940547e-02
0 2761 2771 9.99998990e-01 -1.21394563e-03 -7.58173388e-04 9.62954135e+00 1.21496213e-03 9.99998353e-01 1.35507323e-03 4.05672666e-02 7.56520791e-04 -1.35599558e-03 9.99998794e-01 1.41006379e-01
0 2772 2782 9.99804719e-01 -1.87859647e-02 -6.13679641e-03 9.19181343e+00 1.88177861e-02 9.99809552e-01 5.17142059e-03 1.09477492e-01 6.03848544e-03 -5.28588401e-03 9.99967790e-01 2.14549515e-01
0 2783 2794 9.94492031e-01 -1.04522286e-01 -7.79057186e-03 9.72730105e+00 1.04599424e-01 9.94461415e-01 1.02685232e-02 6.25750762e-01 6.67414125e-03 -1.10268484e-02 9.99916951e-01 1.05374009e-01
0 2795 2806 9.93769145e-01 -1.11457172e-01 9.05408302e-05 9.43686812e+00 1.11425745e-01 9.93470065e-01 -2.45274625e-02 5.41364853e-01 2.64381251e-03 2.43847415e-02 9.99699192e-01 2.74398557e-02
